0.0343923321925104 2.62545619277694
0.0388917429372668 0.48429958720058
0.0503465854562819 2.06461982064889
0.0558711085468531 0.936384830238002
0.0560791427269578 0.57761262081906
0.0841373507864773 2.07602991310967
0.0861916956491768 2.72719611237801
0.0883492627181113 3.15158266687685
0.0926584005355835 1.40333918778114
0.0962834670208395 0.894681315926261
0.103157901670784 4.03089609496939
0.116779253352433 0.66671423782841
0.155848421156406 3.44373147514787
0.167762755881995 1.39808911434902
0.174079261720181 1.54503097001247
0.183880274184048 3.73640540338437
0.242082917131484 2.46947244964342
0.243817676790059 4.01821936068841
0.267253485973924 4.12517529590199
0.314707819372416 4.95585201233999
0.346329845488071 4.76698163172062
0.34647896559909 4.8630115609563
0.375828272197396 3.56001139739094
0.383809405844659 4.64293635920432
0.389659821521491 4.21627371031355
0.414976689498872 5.20124684443019
0.458346264436841 4.6067016987764
0.467871576081961 5.85150159761284
0.479722432792187 5.52374962329071
0.481296503450722 6.47536072357999
0.606841787230223 8.63681456513368
0.626066397409886 8.57478638006848
0.631190675310791 7.3147291395031
0.639802186749876 9.12166713659478
0.642595700919628 7.47368172162371
0.736350399442017 9.48376668294462
0.737655994016677 8.14644112195958
0.762229010462761 10.523574927012
0.762386373244226 11.0134330171707
0.830510446801782 11.4954104597383
0.842504738364369 12.1212641360392
0.858756729401648 11.4789460711627
0.889305423013866 11.4756105122727
0.906064137350768 11.3742092357204
0.91360320802778 12.1709444965374
0.959662885405123 12.6136106836367
0.976856194902211 15.0129086655928
0.986801212187856 14.5003838470219
1.01705220155418 15.208680148671
1.02890637377277 15.4684393092112
1.0347306067124 16.4268675082662
1.06155538093299 16.571446003628
1.07049499684945 17.178856189683
1.0725422478281 16.6459733453485
1.08101832075045 14.7054987005642
1.12706862902269 18.0728946579164
1.14936393080279 18.1516355544528
1.15427574887872 18.6449754504939
1.167898315005 19.0962216599616
1.21864950377494 19.4065261760583
1.24112361529842 19.7596405822918
1.24645130103454 21.6145708652973
1.28332055686042 23.9397987488855
1.31788970623165 23.4512454794993
1.32149814628065 23.4518605973643
1.36921793641523 24.7233694056191
1.36982074799016 23.8422187818561
1.39557480812073 25.2575591520129
1.42031642096117 28.6312613751522
1.42767165414989 27.434201468704
1.43504170468077 25.9928263758566
1.43893993506208 26.4608517817856
1.44437020597979 27.2217583871301
1.46055146818981 27.8843534703899
1.46236829040572 28.2060577649217
1.46849512169138 29.7334846581088
1.47659956198186 27.5036300747555
1.47905334550887 28.8169192016188
1.50446880562231 29.165632206167
1.51157642202452 31.4713116623599
1.51866386225447 30.8933794806288
1.5605992609635 29.9969994230473
1.56624272046611 32.0566278518523
1.58899782877415 31.0307995871427
1.67984823230654 37.4820798301266
1.68049988290295 35.0043175345677
1.699913545046 35.9343515916289
1.7119342200458 37.4380909912813
1.73177630640566 36.6592240531106
1.74030437739566 38.0734907025762
1.77571706706658 39.0256096327618
1.77574701840058 38.7836274900515
1.82631631242111 41.1655824159325
1.83180155325681 40.9127125765305
1.84365283185616 41.0513297553083
1.87314592255279 41.7780294570529
1.87981441989541 43.8126673840935
1.89293290534988 44.0125874106219
1.90401497436687 43.964358876769
1.94180024927482 45.5275813566585
